% start	end	CellId	IMSI	RNTI	LCID	nTxPDUs	TxBytes	nRxPDUs	RxBytes	delay	stdDev	min	max	PduSize	stdDev	min	max
0.25	0.3	1	1	1	4	19	25125	17	22743	0.003	0	0.003	0.003	1337.82	83.9496	1191	1383	
0.3	0.35	1	1	1	4	50	59550	50	59550	0.003	0	0.003	0.003	1191	0	1191	1191	
0.35	0.4	1	1	1	4	50	59550	50	59550	0.003	0	0.003	0.003	1191	0	1191	1191	
0.4	0.45	1	1	1	4	50	59550	50	59550	0.003	0	0.003	0.003	1191	0	1191	1191	
0.45	0.5	1	1	1	4	50	59550	50	59550	0.003	0	0.003	0.003	1191	0	1191	1191	
0.5	0.55	1	1	1	4	50	59549	50	59549	0.003	0	0.003	0.003	1190.98	0.141421	1190	1191	
0.55	0.6	1	1	1	4	50	59550	50	59550	0.003	0	0.003	0.003	1191	0	1191	1191	
0.6	0.65	1	1	1	4	50	59550	50	59550	0.003	0	0.003	0.003	1191	0	1191	1191	
0.65	0.7	1	1	1	4	50	59550	50	59550	0.003	0	0.003	0.003	1191	0	1191	1191	
0.7	0.75	1	1	1	4	50	59550	50	59550	0.003	0	0.003	0.003	1191	0	1191	1191	
0.75	0.8	1	1	1	4	50	59550	50	59550	0.003	0	0.003	0.003	1191	0	1191	1191	
0.8	0.85	1	1	1	4	50	59550	50	59550	0.003	0	0.003	0.003	1191	0	1191	1191	
0.85	0.9	1	1	1	4	50	59550	50	59550	0.003	0	0.003	0.003	1191	0	1191	1191	
0.9	0.95	1	1	1	4	50	59550	50	59550	0.003	0	0.003	0.003	1191	0	1191	1191	
0.95	1	1	1	1	4	50	59550	50	59550	0.003	0	0.003	0.003	1191	0	1191	1191	
1	1.05	1	1	1	4	50	59550	50	59550	0.003	0	0.003	0.003	1191	0	1191	1191	
1.05	1.1	1	1	1	4	50	59550	50	59550	0.003	0	0.003	0.003	1191	0	1191	1191	
1.1	1.15	1	1	1	4	50	52830	50	53278	0.003	0	0.003	0.003	1065.56	112.32	967	1191	
1.15	1.2	1	1	1	4	50	48348	50	48348	0.003	0	0.003	0.003	966.96	0.282843	965	967	
1.2	1.25	1	1	1	4	50	48350	50	48350	0.003	0	0.003	0.003	967	0	967	967	
1.25	1.3	1	1	1	4	50	48350	50	48350	0.003	0	0.003	0.003	967	0	967	967	
1.3	1.35	1	1	1	4	50	48350	50	48350	0.003	0	0.003	0.003	967	0	967	967	
1.35	1.4	1	1	1	4	50	48350	50	48350	0.003	0	0.003	0.003	967	0	967	967	
1.4	1.45	1	1	1	4	50	48350	50	48350	0.003	0	0.003	0.003	967	0	967	967	
1.45	1.5	1	1	1	4	50	48350	50	48350	0.003	0	0.003	0.003	967	0	967	967	
1.5	1.55	1	1	1	4	50	48350	50	48350	0.003	0	0.003	0.003	967	0	967	967	
1.55	1.6	1	1	1	4	50	48350	50	48350	0.003	0	0.003	0.003	967	0	967	967	
1.6	1.65	1	1	1	4	50	48350	50	48350	0.003	0	0.003	0.003	967	0	967	967	
1.65	1.7	1	1	1	4	50	48349	50	48349	0.003	0	0.003	0.003	966.98	0.141421	966	967	
1.7	1.75	1	1	1	4	50	48350	50	48350	0.003	0	0.003	0.003	967	0	967	967	
1.75	1.8	1	1	1	4	50	48350	50	48350	0.003	0	0.003	0.003	967	0	967	967	
1.8	1.85	1	1	1	4	50	48350	50	48350	0.003	0	0.003	0.003	967	0	967	967	
1.85	1.9	1	1	1	4	50	48350	50	48350	0.003	0	0.003	0.003	967	0	967	967	
1.9	1.95	1	1	1	4	50	48350	50	48350	0.003	0	0.003	0.003	967	0	967	967	
1.95	2	1	1	1	4	50	48350	50	48350	0.003	0	0.003	0.003	967	0	967	967	
2	2.05	1	1	1	4	50	48350	50	48350	0.003	0	0.003	0.003	967	0	967	967	
2.05	2.1	1	1	1	4	50	48350	50	48350	0.003	0	0.003	0.003	967	0	967	967	
2.1	2.15	1	1	1	4	50	45790	50	45918	0.003	0	0.003	0.003	918.36	27.6108	903	967	
2.15	2.2	1	1	1	4	50	45150	50	45150	0.003	0	0.003	0.003	903	0	903	903	
2.2	2.25	1	1	1	4	50	45148	50	45148	0.003	0	0.003	0.003	902.96	0.282843	901	903	
2.25	2.3	1	1	1	4	50	45150	50	45150	0.003	0	0.003	0.003	903	0	903	903	
2.3	2.35	1	1	1	4	50	45150	50	45150	0.003	0	0.003	0.003	903	0	903	903	
2.35	2.4	1	1	1	4	50	45150	50	45150	0.003	0	0.003	0.003	903	0	903	903	
2.4	2.45	1	1	1	4	50	45150	50	45150	0.003	0	0.003	0.003	903	0	903	903	
2.45	2.5	1	1	1	4	50	45150	50	45150	0.003	0	0.003	0.003	903	0	903	903	
2.5	2.55	1	1	1	4	50	45150	50	45150	0.003	0	0.003	0.003	903	0	903	903	
2.55	2.6	1	1	1	4	50	45150	50	45150	0.003	0	0.003	0.003	903	0	903	903	
2.6	2.65	1	1	1	4	50	45150	50	45150	0.003	0	0.003	0.003	903	0	903	903	
2.65	2.7	1	1	1	4	50	45150	50	45150	0.003	0	0.003	0.003	903	0	903	903	
2.7	2.75	1	1	1	4	50	42590	50	42846	0.003	0	0.003	0.003	856.92	62.0638	775	903	
2.75	2.8	1	1	1	4	50	38750	50	38750	0.003	0	0.003	0.003	775	0	775	775	
2.8	2.85	1	1	1	4	50	38750	50	38750	0.003	0	0.003	0.003	775	0	775	775	
2.85	2.9	1	1	1	4	50	38750	50	38750	0.003	0	0.003	0.003	775	0	775	775	
2.9	2.95	1	1	1	4	50	38750	50	38750	0.003	0	0.003	0.003	775	0	775	775	
2.95	3	1	1	1	4	50	38749	50	38749	0.003	0	0.003	0.003	774.98	0.141421	774	775	
3	3.05	1	1	1	4	50	38750	50	38750	0.003	0	0.003	0.003	775	0	775	775	
3.05	3.1	1	1	1	4	50	38750	50	38750	0.003	0	0.003	0.003	775	0	775	775	
3.1	3.15	1	1	1	4	50	38750	50	38750	0.003	0	0.003	0.003	775	0	775	775	
3.15	3.2	1	1	1	4	50	38750	50	38750	0.003	0	0.003	0.003	775	0	775	775	
3.2	3.25	1	1	1	4	50	38750	50	38750	0.003	0	0.003	0.003	775	0	775	775	
3.25	3.3	1	1	1	4	50	38750	50	38750	0.003	0	0.003	0.003	775	0	775	775	
3.3	3.35	1	1	1	4	50	38750	50	38750	0.003	0	0.003	0.003	775	0	775	775	
3.35	3.4	1	1	1	4	50	38750	50	38750	0.003	0	0.003	0.003	775	0	775	775	
3.4	3.45	1	1	1	4	50	38749	50	38749	0.003	0	0.003	0.003	774.98	0.141421	774	775	
3.45	3.5	1	1	1	4	50	38750	50	38750	0.003	0	0.003	0.003	775	0	775	775	
3.5	3.55	1	1	1	4	50	38750	50	38750	0.003	0	0.003	0.003	775	0	775	775	
3.55	3.6	1	1	1	4	50	38750	50	38750	0.003	0	0.003	0.003	775	0	775	775	
3.6	3.65	1	1	1	4	50	38750	50	38750	0.003	0	0.003	0.003	775	0	775	775	
3.65	3.7	1	1	1	4	50	38750	50	38750	0.003	0	0.003	0.003	775	0	775	775	
3.7	3.75	1	1	1	4	50	38750	50	38750	0.003	0	0.003	0.003	775	0	775	775	
3.75	3.8	1	1	1	4	50	38750	50	38750	0.003	0	0.003	0.003	775	0	775	775	
3.8	3.85	1	1	1	4	50	38749	50	38749	0.003	0	0.003	0.003	774.98	0.141421	774	775	
3.85	3.9	1	1	1	4	50	33766	50	34122	0.003	0	0.003	0.003	682.44	89.8316	597	775	
3.9	3.95	1	1	1	4	50	29850	50	29850	0.003	0	0.003	0.003	597	0	597	597	
3.95	4	1	1	1	4	50	29850	50	29850	0.003	0	0.003	0.003	597	0	597	597	
4	4.05	1	1	1	4	50	29849	50	29849	0.003	0	0.003	0.003	596.98	0.141421	596	597	
4.05	4.1	1	1	1	4	50	29850	50	29850	0.003	0	0.003	0.003	597	0	597	597	
4.1	4.15	1	1	1	4	50	29850	50	29850	0.003	0	0.003	0.003	597	0	597	597	
4.15	4.2	1	1	1	4	50	29850	50	29850	0.003	0	0.003	0.003	597	0	597	597	
4.2	4.25	1	1	1	4	50	29849	50	29849	0.003	0	0.003	0.003	596.98	0.141421	596	597	
4.25	4.3	1	1	1	4	50	29850	50	29850	0.003	0	0.003	0.003	597	0	597	597	
4.3	4.35	1	1	1	4	50	29850	50	29850	0.003	0	0.003	0.003	597	0	597	597	
4.35	4.4	1	1	1	4	50	29850	50	29850	0.003	0	0.003	0.003	597	0	597	597	
4.4	4.45	1	1	1	4	50	29849	50	29849	0.003	0	0.003	0.003	596.98	0.141421	596	597	
4.45	4.5	1	1	1	4	50	29850	50	29850	0.003	0	0.003	0.003	597	0	597	597	
4.5	4.55	1	1	1	4	50	29850	50	29850	0.003	0	0.003	0.003	597	0	597	597	
4.55	4.6	1	1	1	4	50	29850	50	29850	0.003	0	0.003	0.003	597	0	597	597	
4.6	4.65	1	1	1	4	50	29849	50	29849	0.003	0	0.003	0.003	596.98	0.141421	596	597	
4.65	4.7	1	1	1	4	50	29850	50	29850	0.003	0	0.003	0.003	597	0	597	597	
4.7	4.75	1	1	1	4	50	29850	50	29850	0.003	0	0.003	0.003	597	0	597	597	
4.75	4.8	1	1	1	4	50	29850	50	29850	0.003	0	0.003	0.003	597	0	597	597	
4.8	4.85	1	1	1	4	50	29849	50	29849	0.003	0	0.003	0.003	596.98	0.141421	596	597	
4.85	4.9	1	1	1	4	50	29850	50	29850	0.003	0	0.003	0.003	597	0	597	597	
4.9	4.95	1	1	1	4	50	29850	50	29850	0.003	0	0.003	0.003	597	0	597	597	
4.95	5	1	1	1	4	50	29850	50	29850	0.003	0	0.003	0.003	597	0	597	597	
5	5.05	1	1	1	4	50	29849	50	29849	0.003	0	0.003	0.003	596.98	0.141421	596	597	
5.05	5.1	1	1	1	4	50	29850	50	29850	0.003	0	0.003	0.003	597	0	597	597	
5.1	5.15	1	1	1	4	50	24474	50	24730	0.003	0	0.003	0.003	494.6	51.7198	469	597	
5.15	5.2	1	1	1	4	50	23450	50	23450	0.003	0	0.003	0.003	469	0	469	469	
5.2	5.25	1	1	1	4	50	23448	50	23450	0.003	0	0.003	0.003	469	0	469	469	
5.25	5.3	1	1	1	4	50	23450	50	23448	0.003	0	0.003	0.003	468.96	0.282843	467	469	
5.3	5.35	1	1	1	4	50	23450	50	23450	0.003	0	0.003	0.003	469	0	469	469	
5.35	5.4	1	1	1	4	50	23450	50	23450	0.003	0	0.003	0.003	469	0	469	469	
5.4	5.45	1	1	1	4	50	23450	50	23450	0.003	0	0.003	0.003	469	0	469	469	
5.45	5.5	1	1	1	4	50	23450	50	23450	0.003	0	0.003	0.003	469	0	469	469	
5.5	5.55	1	1	1	4	50	23450	50	23450	0.003	0	0.003	0.003	469	0	469	469	
5.55	5.6	1	1	1	4	50	23450	50	23450	0.003	0	0.003	0.003	469	0	469	469	
5.6	5.65	1	1	1	4	50	23450	50	23450	0.003	0	0.003	0.003	469	0	469	469	
5.65	5.7	1	1	1	4	50	23450	50	23450	0.003	0	0.003	0.003	469	0	469	469	
5.7	5.75	1	1	1	4	50	23450	50	23450	0.003	0	0.003	0.003	469	0	469	469	
5.75	5.8	1	1	1	4	50	23450	50	23450	0.003	0	0.003	0.003	469	0	469	469	
5.8	5.85	1	1	1	4	50	23450	50	23450	0.003	0	0.003	0.003	469	0	469	469	
5.85	5.9	1	1	1	4	50	23450	50	23450	0.003	0	0.003	0.003	469	0	469	469	
5.9	5.95	1	1	1	4	50	23450	50	23450	0.003	0	0.003	0.003	469	0	469	469	
5.95	6	1	1	1	4	50	23450	50	23450	0.003	0	0.003	0.003	469	0	469	469	
6	6.05	1	1	1	4	50	23450	50	23450	0.003	0	0.003	0.003	469	0	469	469	
6.05	6.1	1	1	1	4	50	23450	50	23450	0.003	0	0.003	0.003	469	0	469	469	
6.1	6.15	1	1	1	4	50	23450	50	23450	0.003	0	0.003	0.003	469	0	469	469	
6.15	6.2	1	1	1	4	50	23450	50	23450	0.003	0	0.003	0.003	469	0	469	469	
6.2	6.25	1	1	1	4	50	21050	50	21146	0.003	0	0.003	0.003	422.92	9.50154	421	469	
6.25	6.3	1	1	1	4	50	21050	50	21050	0.003	0	0.003	0.003	421	0	421	421	
6.3	6.35	1	1	1	4	50	21050	50	21050	0.003	0	0.003	0.003	421	0	421	421	
6.35	6.4	1	1	1	4	50	21050	50	21050	0.003	0	0.003	0.003	421	0	421	421	
6.4	6.45	1	1	1	4	50	21050	50	21050	0.003	0	0.003	0.003	421	0	421	421	
6.45	6.5	1	1	1	4	50	21050	50	21050	0.003	0	0.003	0.003	421	0	421	421	
6.5	6.55	1	1	1	4	50	21050	50	21050	0.003	0	0.003	0.003	421	0	421	421	
6.55	6.6	1	1	1	4	50	21050	50	21050	0.003	0	0.003	0.003	421	0	421	421	
6.6	6.65	1	1	1	4	50	21050	50	21050	0.003	0	0.003	0.003	421	0	421	421	
6.65	6.7	1	1	1	4	50	21050	50	21050	0.003	0	0.003	0.003	421	0	421	421	
6.7	6.75	1	1	1	4	50	21050	50	21050	0.003	0	0.003	0.003	421	0	421	421	
6.75	6.8	1	1	1	4	50	21050	50	21050	0.003	0	0.003	0.003	421	0	421	421	
6.8	6.85	1	1	1	4	50	21050	50	21050	0.003	0	0.003	0.003	421	0	421	421	
6.85	6.9	1	1	1	4	50	21050	50	21050	0.003	0	0.003	0.003	421	0	421	421	
6.9	6.95	1	1	1	4	50	21049	50	21049	0.003	0	0.003	0.003	420.98	0.141421	420	421	
6.95	7	1	1	1	4	50	21050	50	21050	0.003	0	0.003	0.003	421	0	421	421	
7	7.05	1	1	1	4	50	21050	50	21050	0.003	0	0.003	0.003	421	0	421	421	
7.05	7.1	1	1	1	4	50	21050	50	21050	0.003	0	0.003	0.003	421	0	421	421	
7.1	7.15	1	1	1	4	50	21050	50	21050	0.003	0	0.003	0.003	421	0	421	421	
7.15	7.2	1	1	1	4	50	21050	50	21050	0.003	0	0.003	0.003	421	0	421	421	
7.2	7.25	1	1	1	4	50	21050	50	21050	0.003	0	0.003	0.003	421	0	421	421	
7.25	7.3	1	1	1	4	50	21049	50	21049	0.003	0	0.003	0.003	420.98	0.141421	420	421	
7.3	7.35	1	1	1	4	50	21050	50	21050	0.003	0	0.003	0.003	421	0	421	421	
7.35	7.4	1	1	1	4	50	21050	50	21050	0.003	0	0.003	0.003	421	0	421	421	
7.4	7.45	1	1	1	4	50	21050	50	21050	0.003	0	0.003	0.003	421	0	421	421	
7.45	7.5	1	1	1	4	50	21050	50	21050	0.003	0	0.003	0.003	421	0	421	421	
7.5	7.55	1	1	1	4	50	21050	50	21050	0.003	0	0.003	0.003	421	0	421	421	
7.55	7.6	1	1	1	4	50	21050	50	21050	0.003	0	0.003	0.003	421	0	421	421	
7.6	7.65	1	1	1	4	50	18362	50	18586	0.003	0	0.003	0.003	371.72	56.1598	309	421	
7.65	7.7	1	1	1	4	50	15450	50	15450	0.003	0	0.003	0.003	309	0	309	309	
7.7	7.75	1	1	1	4	50	15450	50	15450	0.003	0	0.003	0.003	309	0	309	309	
7.75	7.8	1	1	1	4	50	15449	50	15449	0.003	0	0.003	0.003	308.98	0.141421	308	309	
7.8	7.85	1	1	1	4	50	15450	50	15450	0.003	0	0.003	0.003	309	0	309	309	
7.85	7.9	1	1	1	4	50	15450	50	15450	0.003	0	0.003	0.003	309	0	309	309	
7.9	7.95	1	1	1	4	50	15450	50	15450	0.003	0	0.003	0.003	309	0	309	309	
7.95	8	1	1	1	4	50	15450	50	15450	0.003	0	0.003	0.003	309	0	309	309	
8	8.05	1	1	1	4	50	15450	50	15450	0.003	0	0.003	0.003	309	0	309	309	
8.05	8.1	1	1	1	4	50	15450	50	15450	0.003	0	0.003	0.003	309	0	309	309	
8.1	8.15	1	1	1	4	50	15450	50	15450	0.003	0	0.003	0.003	309	0	309	309	
8.15	8.2	1	1	1	4	50	15450	50	15450	0.003	0	0.003	0.003	309	0	309	309	
8.2	8.25	1	1	1	4	50	15450	50	15450	0.003	0	0.003	0.003	309	0	309	309	
8.25	8.3	1	1	1	4	50	15449	50	15449	0.003	0	0.003	0.003	308.98	0.141421	308	309	
8.3	8.35	1	1	1	4	50	15450	50	15450	0.003	0	0.003	0.003	309	0	309	309	
8.35	8.4	1	1	1	4	50	15450	50	15450	0.003	0	0.003	0.003	309	0	309	309	
8.4	8.45	1	1	1	4	50	15450	50	15450	0.003	0	0.003	0.003	309	0	309	309	
8.45	8.5	1	1	1	4	50	15450	50	15450	0.003	0	0.003	0.003	309	0	309	309	
8.5	8.55	1	1	1	4	50	15450	50	15450	0.003	0	0.003	0.003	309	0	309	309	
8.55	8.6	1	1	1	4	50	15450	50	15450	0.003	0	0.003	0.003	309	0	309	309	
8.6	8.65	1	1	1	4	50	15450	50	15450	0.003	0	0.003	0.003	309	0	309	309	
8.65	8.7	1	1	1	4	50	15450	50	15450	0.003	0	0.003	0.003	309	0	309	309	
8.7	8.75	1	1	1	4	50	15450	50	15450	0.003	0	0.003	0.003	309	0	309	309	
8.75	8.8	1	1	1	4	50	15449	50	15449	0.003	0	0.003	0.003	308.98	0.141421	308	309	
8.8	8.85	1	1	1	4	50	15450	50	15450	0.003	0	0.003	0.003	309	0	309	309	
8.85	8.9	1	1	1	4	50	15450	50	15450	0.003	0	0.003	0.003	309	0	309	309	
8.9	8.95	1	1	1	4	50	15450	50	15450	0.003	0	0.003	0.003	309	0	309	309	
8.95	9	1	1	1	4	50	15450	50	15450	0.003	0	0.003	0.003	309	0	309	309	
9	9.05	1	1	1	4	50	15450	50	15450	0.003	0	0.003	0.003	309	0	309	309	
9.05	9.1	1	1	1	4	50	15450	50	15450	0.003	0	0.003	0.003	309	0	309	309	
9.1	9.15	1	1	1	4	50	15450	50	15450	0.003	0	0.003	0.003	309	0	309	309	
9.15	9.2	1	1	1	4	50	15450	50	15450	0.003	0	0.003	0.003	309	0	309	309	
9.2	9.25	1	1	1	4	50	15449	50	15449	0.003	0	0.003	0.003	308.98	0.141421	308	309	
9.25	9.3	1	1	1	4	50	15450	50	15450	0.003	0	0.003	0.003	309	0	309	309	
9.3	9.35	1	1	1	4	50	15450	50	15450	0.003	0	0.003	0.003	309	0	309	309	
9.35	9.4	1	1	1	4	50	15450	50	15450	0.003	0	0.003	0.003	309	0	309	309	
9.4	9.45	1	1	1	4	50	15450	50	15450	0.003	0	0.003	0.003	309	0	309	309	
9.45	9.5	1	1	1	4	50	15450	50	15450	0.003	0	0.003	0.003	309	0	309	309	
9.5	9.55	1	1	1	4	50	13610	50	13794	0.003	0	0.003	0.003	275.88	44.6083	217	309	
9.55	9.6	1	1	1	4	50	10850	50	10850	0.003	0	0.003	0.003	217	0	217	217	
9.6	9.65	1	1	1	4	50	10849	50	10849	0.003	0	0.003	0.003	216.98	0.141421	216	217	
9.65	9.7	1	1	1	4	50	10850	50	10850	0.003	0	0.003	0.003	217	0	217	217	
9.7	9.75	1	1	1	4	50	10850	50	10850	0.003	0	0.003	0.003	217	0	217	217	
9.75	9.8	1	1	1	4	50	10850	50	10850	0.003	0	0.003	0.003	217	0	217	217	
9.8	9.85	1	1	1	4	50	10850	50	10850	0.003	0	0.003	0.003	217	0	217	217	
9.85	9.9	1	1	1	4	50	10850	50	10850	0.003	0	0.003	0.003	217	0	217	217	
9.9	9.95	1	1	1	4	50	10850	50	10850	0.003	0	0.003	0.003	217	0	217	217	
9.95	10	1	1	1	4	50	10850	50	10850	0.003	0	0.003	0.003	217	0	217	217	
10	10.05	1	1	1	4	50	10850	50	10850	0.003	0	0.003	0.003	217	0	217	217	
10.05	10.1	1	1	1	4	50	10850	50	10850	0.003	0	0.003	0.003	217	0	217	217	
10.1	10.15	1	1	1	4	50	10850	50	10850	0.003	0	0.003	0.003	217	0	217	217	
10.15	10.2	1	1	1	4	50	10850	50	10850	0.003	0	0.003	0.003	217	0	217	217	
10.2	10.25	1	1	1	4	50	10850	50	10850	0.003	0	0.003	0.003	217	0	217	217	
10.25	10.3	1	1	1	4	50	10850	50	10850	0.003	0	0.003	0.003	217	0	217	217	
10.3	10.35	1	1	1	4	50	10850	50	10850	0.003	0	0.003	0.003	217	0	217	217	
10.35	10.4	1	1	1	4	50	10850	50	10850	0.003	0	0.003	0.003	217	0	217	217	
10.4	10.45	1	1	1	4	50	10850	50	10850	0.003	0	0.003	0.003	217	0	217	217	
10.45	10.5	1	1	1	4	50	10850	50	10850	0.003	0	0.003	0.003	217	0	217	217	
10.5	10.55	1	1	1	4	50	10850	50	10850	0.003	0	0.003	0.003	217	0	217	217	
10.55	10.6	1	1	1	4	50	10850	50	10850	0.003	0	0.003	0.003	217	0	217	217	
10.6	10.65	1	1	1	4	50	10850	50	10850	0.003	0	0.003	0.003	217	0	217	217	
10.65	10.7	1	1	1	4	50	10850	50	10850	0.003	0	0.003	0.003	217	0	217	217	
10.7	10.75	1	1	1	4	50	10850	49	10633	0.003	0	0.003	0.003	217	0	217	217	
10.75	10.8	1	1	1	4	50	10850	50	10850	0.003	0	0.003	0.003	217	0	217	217	
10.8	10.85	1	1	1	4	50	10850	50	10850	0.003	0	0.003	0.003	217	0	217	217	
10.85	10.9	1	1	1	4	50	10850	50	10850	0.003	0	0.003	0.003	217	0	217	217	
10.9	10.95	1	1	1	4	50	10850	50	10850	0.003	0	0.003	0.003	217	0	217	217	
10.95	11	1	1	1	4	50	10850	50	10850	0.003	0	0.003	0.003	217	0	217	217	
11	11.05	1	1	1	4	50	10850	50	10850	0.003	0	0.003	0.003	217	0	217	217	
11.05	11.1	1	1	1	4	50	10850	50	10850	0.003	0	0.003	0.003	217	0	217	217	
11.1	11.15	1	1	1	4	50	10850	50	10850	0.003	0	0.003	0.003	217	0	217	217	
11.15	11.2	1	1	1	4	50	10850	50	10850	0.003	0	0.003	0.003	217	0	217	217	
11.2	11.25	1	1	1	4	50	10850	50	10850	0.003	0	0.003	0.003	217	0	217	217	
11.25	11.3	1	1	1	4	50	10850	50	10850	0.003	0	0.003	0.003	217	0	217	217	
11.3	11.35	1	1	1	4	50	10850	50	10850	0.003	0	0.003	0.003	217	0	217	217	
11.35	11.4	1	1	1	4	50	10850	50	10850	0.003	0	0.003	0.003	217	0	217	217	
11.4	11.45	1	1	1	4	50	10850	49	10633	0.003	0	0.003	0.003	217	0	217	217	
11.45	11.5	1	1	1	4	50	10850	50	10850	0.003	0	0.003	0.003	217	0	217	217	
11.5	11.55	1	1	1	4	50	10850	50	10850	0.003	0	0.003	0.003	217	0	217	217	
11.55	11.6	1	1	1	4	50	10850	50	10850	0.003	0	0.003	0.003	217	0	217	217	
11.6	11.65	1	1	1	4	50	10850	49	10633	0.003	0	0.003	0.003	217	0	217	217	
11.65	11.7	1	1	1	4	50	10850	50	10850	0.003	0	0.003	0.003	217	0	217	217	
11.7	11.75	1	1	1	4	50	10850	50	10850	0.003	0	0.003	0.003	217	0	217	217	
11.75	11.8	1	1	1	4	50	10850	49	10633	0.003	0	0.003	0.003	217	0	217	217	
11.8	11.85	1	1	1	4	50	10850	49	10633	0.003	0	0.003	0.003	217	0	217	217	
11.85	11.9	1	1	1	4	50	10850	50	10850	0.003	0	0.003	0.003	217	0	217	217	
11.9	11.95	1	1	1	4	50	8498	49	8533	0.003	0	0.003	0.003	174.143	42.4264	133	217	
11.95	12	1	1	1	4	50	6650	50	6650	0.003	0	0.003	0.003	133	0	133	133	
12	12.05	1	1	1	4	50	6648	50	6648	0.003	0	0.003	0.003	132.96	0.282843	131	133	
12.05	12.1	1	1	1	4	50	6650	49	6517	0.003	0	0.003	0.003	133	0	133	133	
12.1	12.15	1	1	1	4	50	6650	50	6650	0.003	0	0.003	0.003	133	0	133	133	
12.15	12.2	1	1	1	4	50	6650	50	6650	0.003	0	0.003	0.003	133	0	133	133	
12.2	12.25	1	1	1	4	50	6650	50	6650	0.003	0	0.003	0.003	133	0	133	133	
12.25	12.3	1	1	1	4	50	6650	49	6517	0.003	0	0.003	0.003	133	0	133	133	
12.3	12.35	1	1	1	4	50	6650	50	6650	0.003	0	0.003	0.003	133	0	133	133	
12.35	12.4	1	1	1	4	50	6650	49	6517	0.003	0	0.003	0.003	133	0	133	133	
12.4	12.45	1	1	1	4	50	6650	50	6650	0.003	0	0.003	0.003	133	0	133	133	
12.45	12.5	1	1	1	4	50	6650	49	6517	0.003	0	0.003	0.003	133	0	133	133	
12.5	12.55	1	1	1	4	50	6650	50	6650	0.003	0	0.003	0.003	133	0	133	133	
12.55	12.6	1	1	1	4	50	6650	50	6650	0.003	0	0.003	0.003	133	0	133	133	
12.6	12.65	1	1	1	4	50	6650	50	6650	0.003	0	0.003	0.003	133	0	133	133	
12.65	12.7	1	1	1	4	50	6650	49	6517	0.003	0	0.003	0.003	133	0	133	133	
12.7	12.75	1	1	1	4	50	6650	50	6650	0.003	0	0.003	0.003	133	0	133	133	
12.75	12.8	1	1	1	4	50	6650	50	6650	0.003	0	0.003	0.003	133	0	133	133	
12.8	12.85	1	1	1	4	50	6650	49	6517	0.003	0	0.003	0.003	133	0	133	133	
12.85	12.9	1	1	1	4	50	6650	48	6384	0.003	0	0.003	0.003	133	0	133	133	
12.9	12.95	1	1	1	4	50	6650	50	6650	0.003	0	0.003	0.003	133	0	133	133	
12.95	13	1	1	1	4	50	6650	47	6251	0.003	0	0.003	0.003	133	0	133	133	
13	13.05	1	1	1	4	50	6650	49	6517	0.003	0	0.003	0.003	133	0	133	133	
13.05	13.1	1	1	1	4	50	6650	49	6517	0.003	0	0.003	0.003	133	0	133	133	
13.1	13.15	1	1	1	4	50	6650	48	6384	0.003	0	0.003	0.003	133	0	133	133	
13.15	13.2	1	1	1	4	50	6650	49	6517	0.003	0	0.003	0.003	133	0	133	133	
13.2	13.25	1	1	1	4	50	6650	50	6650	0.003	0	0.003	0.003	133	0	133	133	
13.25	13.3	1	1	1	4	50	6650	47	6251	0.003	0	0.003	0.003	133	0	133	133	
13.3	13.35	1	1	1	4	50	6650	48	6384	0.003	0	0.003	0.003	133	0	133	133	
13.35	13.4	1	1	1	4	49	6517	48	6384	0.003	0	0.003	0.003	133	0	133	133	
13.4	13.45	1	1	1	4	50	6650	49	6517	0.003	0	0.003	0.003	133	0	133	133	
13.45	13.5	1	1	1	4	50	6650	49	6517	0.003	0	0.003	0.003	133	0	133	133	
13.5	13.55	1	1	1	4	49	6517	47	6251	0.003	0	0.003	0.003	133	0	133	133	
13.55	13.6	1	1	1	4	50	6650	49	6517	0.003	0	0.003	0.003	133	0	133	133	
13.6	13.65	1	1	1	4	50	6650	49	6517	0.003	0	0.003	0.003	133	0	133	133	
13.65	13.7	1	1	1	4	50	6650	49	6517	0.003	0	0.003	0.003	133	0	133	133	
13.7	13.75	1	1	1	4	50	6650	48	6384	0.003	0	0.003	0.003	133	0	133	133	
13.75	13.8	1	1	1	4	50	6650	49	6517	0.003	0	0.003	0.003	133	0	133	133	
13.8	13.85	1	1	1	4	48	6384	44	5852	0.003	0	0.003	0.003	133	0	133	133	
13.85	13.9	1	1	1	4	50	6650	45	5985	0.003	0	0.003	0.003	133	0	133	133	
13.9	13.95	1	1	1	4	50	6650	48	6384	0.003	0	0.003	0.003	133	0	133	133	
13.95	14	1	1	1	4	50	6650	49	6517	0.003	0	0.003	0.003	133	0	133	133	
14	14.05	1	1	1	4	50	6650	50	6650	0.003	0	0.003	0.003	133	0	133	133	
14.05	14.1	1	1	1	4	50	6650	50	6650	0.003	0	0.003	0.003	133	0	133	133	
14.1	14.15	1	1	1	4	50	6650	46	6118	0.003	0	0.003	0.003	133	0	133	133	
14.15	14.2	1	1	1	4	50	6650	49	6517	0.003	0	0.003	0.003	133	0	133	133	
14.2	14.25	1	1	1	4	50	6650	47	6251	0.003	0	0.003	0.003	133	0	133	133	
14.25	14.3	1	1	1	4	49	6517	48	6384	0.003	0	0.003	0.003	133	0	133	133	
14.3	14.35	1	1	1	4	50	6650	47	6251	0.003	0	0.003	0.003	133	0	133	133	
14.35	14.4	1	1	1	4	50	6650	48	6384	0.003	0	0.003	0.003	133	0	133	133	
14.4	14.45	1	1	1	4	50	6650	46	6118	0.003	0	0.003	0.003	133	0	133	133	
14.45	14.5	1	1	1	4	48	6384	43	5719	0.003	0	0.003	0.003	133	0	133	133	
14.5	14.55	1	1	1	4	50	6650	48	6384	0.003	0	0.003	0.003	133	0	133	133	
14.55	14.6	1	1	1	4	49	6517	45	5985	0.003	0	0.003	0.003	133	0	133	133	
14.6	14.65	1	1	1	4	50	6650	47	6251	0.003	0	0.003	0.003	133	0	133	133	
14.65	14.7	1	1	1	4	49	6517	48	6384	0.003	0	0.003	0.003	133	0	133	133	
14.7	14.75	1	1	1	4	49	6517	47	6251	0.003	0	0.003	0.003	133	0	133	133	
14.75	14.8	1	1	1	4	50	5090	47	4899	0.003	0	0.003	0.003	104.234	26.132	81	133	
14.8	14.85	1	1	1	4	49	3969	45	3645	0.003	0	0.003	0.003	81	0	81	81	
14.85	14.9	1	1	1	4	50	4050	44	3564	0.003	0	0.003	0.003	81	0	81	81	
14.9	14.95	1	1	1	4	47	3807	42	3402	0.003	0	0.003	0.003	81	0	81	81	
14.95	15	1	1	1	4	49	3969	44	3564	0.003	0	0.003	0.003	81	0	81	81	
15	15.05	1	1	1	4	50	4050	48	3888	0.003	0	0.003	0.003	81	0	81	81	
15.05	15.1	1	1	1	4	47	3807	38	3078	0.003	0	0.003	0.003	81	0	81	81	
15.1	15.15	1	1	1	4	50	4050	47	3807	0.003	0	0.003	0.003	81	0	81	81	
15.15	15.2	1	1	1	4	48	3888	42	3402	0.003	0	0.003	0.003	81	0	81	81	
15.2	15.25	1	1	1	4	49	3969	46	3726	0.003	0	0.003	0.003	81	0	81	81	
15.25	15.3	1	1	1	4	46	3726	36	2916	0.003	0	0.003	0.003	81	0	81	81	
15.3	15.35	1	1	1	4	48	3888	40	3240	0.003	0	0.003	0.003	81	0	81	81	
15.35	15.4	1	1	1	4	46	3726	40	3240	0.003	0	0.003	0.003	81	0	81	81	
15.4	15.45	1	1	1	4	49	3968	45	3644	0.003	0	0.003	0.003	80.9778	0.149071	80	81	
15.45	15.5	1	1	1	4	50	4050	47	3807	0.003	0	0.003	0.003	81	0	81	81	
15.5	15.55	1	1	1	4	50	4050	45	3645	0.003	0	0.003	0.003	81	0	81	81	
15.55	15.6	1	1	1	4	48	3888	42	3402	0.003	0	0.003	0.003	81	0	81	81	
15.6	15.65	1	1	1	4	49	3969	42	3402	0.003	0	0.003	0.003	81	0	81	81	
15.65	15.7	1	1	1	4	49	3969	42	3402	0.003	0	0.003	0.003	81	0	81	81	
15.7	15.75	1	1	1	4	49	3969	43	3483	0.003	0	0.003	0.003	81	0	81	81	
15.75	15.8	1	1	1	4	49	3969	42	3402	0.003	0	0.003	0.003	81	0	81	81	
15.8	15.85	1	1	1	4	49	3968	45	3644	0.003	0	0.003	0.003	80.9778	0.149071	80	81	
15.85	15.9	1	1	1	4	45	3645	38	3078	0.003	0	0.003	0.003	81	0	81	81	
15.9	15.95	1	1	1	4	49	3969	44	3564	0.003	0	0.003	0.003	81	0	81	81	
15.95	16	1	1	1	4	50	4050	48	3888	0.003	0	0.003	0.003	81	0	81	81	
16	16.05	1	1	1	4	48	3888	42	3402	0.003	0	0.003	0.003	81	0	81	81	
16.05	16.1	1	1	1	4	48	3888	41	3321	0.003	0	0.003	0.003	81	0	81	81	
16.1	16.15	1	1	1	4	47	3807	41	3321	0.003	0	0.003	0.003	81	0	81	81	
16.15	16.2	1	1	1	4	48	3888	41	3321	0.003	0	0.003	0.003	81	0	81	81	
16.2	16.25	1	1	1	4	49	3969	43	3483	0.003	0	0.003	0.003	81	0	81	81	
16.25	16.3	1	1	1	4	48	3887	41	3320	0.003	0	0.003	0.003	80.9756	0.156174	80	81	
16.3	16.35	1	1	1	4	48	3888	45	3645	0.003	0	0.003	0.003	81	0	81	81	
16.35	16.4	1	1	1	4	48	3888	41	3321	0.003	0	0.003	0.003	81	0	81	81	
16.4	16.45	1	1	1	4	47	3807	38	3078	0.003	0	0.003	0.003	81	0	81	81	
16.45	16.5	1	1	1	4	1	81	0	0	0	0	0	0	0	0	0	0	
16.65	16.7	1	1	2	4	34	2754	22	1782	0.003	0	0.003	0.003	81	0	81	81	
16.7	16.75	1	1	2	4	47	3807	36	2916	0.003	0	0.003	0.003	81	0	81	81	
16.75	16.8	1	1	2	4	45	3645	36	2916	0.003	0	0.003	0.003	81	0	81	81	
16.8	16.85	1	1	2	4	46	3726	35	2835	0.003	0	0.003	0.003	81	0	81	81	
16.85	16.9	1	1	2	4	49	3969	43	3483	0.003	0	0.003	0.003	81	0	81	81	
16.9	16.95	1	1	2	4	45	3645	36	2916	0.003	0	0.003	0.003	81	0	81	81	
16.95	17	1	1	2	4	46	3726	37	2997	0.003	0	0.003	0.003	81	0	81	81	
17	17.05	1	1	2	4	47	3807	36	2916	0.003	0	0.003	0.003	81	0	81	81	
17.05	17.1	1	1	2	4	45	3644	37	2996	0.003	0	0.003	0.003	80.973	0.164399	80	81	
17.1	17.15	1	1	2	4	49	3969	42	3402	0.003	0	0.003	0.003	81	0	81	81	
17.15	17.2	1	1	2	4	46	3726	39	3159	0.003	0	0.003	0.003	81	0	81	81	
17.2	17.25	1	1	2	4	47	3807	34	2754	0.003	0	0.003	0.003	81	0	81	81	
17.25	17.3	1	1	2	4	42	3402	29	2349	0.003	0	0.003	0.003	81	0	81	81	
17.3	17.35	1	1	2	4	46	3726	37	2997	0.003	0	0.003	0.003	81	0	81	81	
17.35	17.4	1	1	2	4	45	3645	31	2511	0.003	0	0.003	0.003	81	0	81	81	
17.4	17.45	1	1	2	4	24	1944	19	1539	0.003	0	0.003	0.003	81	0	81	81	
