0.47 8.28125
0.67 8.82812
0.87 8.78906
1.07 8.78906
1.27 7.57812
1.47 7.14844
1.67 7.10938
1.87 7.14844
2.07 7.14844
2.27 6.75781
2.47 6.67969
2.67 6.64062
2.87 6.01562
3.07 5.74219
3.27 5.70312
3.47 5.74219
3.67 5.70312
3.87 5.70312
4.07 4.45312
4.27 4.375
4.47 4.41406
4.67 4.41406
4.87 4.375
5.07 4.41406
5.27 3.63281
5.47 3.47656
5.67 3.4375
5.87 3.47656
6.07 3.4375
6.27 3.35938
6.47 3.08594
6.67 3.08594
6.87 3.125
7.07 3.08594
7.27 3.08594
7.47 3.125
7.67 2.92969
7.87 2.26562
8.07 2.26562
8.27 2.26562
8.47 2.26562
8.67 2.26562
8.87 2.30469
9.07 2.26562
9.27 2.26562
9.47 2.26562
9.67 1.79688
9.87 1.60156
10.07 1.60156
10.27 1.5625
10.47 1.60156
10.67 1.60156
10.87 1.52344
11.07 1.60156
11.27 1.60156
11.47 1.32812
11.67 1.40625
11.87 1.48438
12.07 1.44531
12.27 0.9375
12.47 0.390625
12.67 1.36719
12.87 0.742188
13.07 0.429688
13.27 0.859375
13.47 0.507812
13.67 0.78125
13.87 0.78125
14.07 0.703125
14.27 0.585938
14.47 0.703125
14.67 0.507812
14.87 0.625
15.07 0.078125
15.27 0.117188
15.47 0.078125
15.67 0.078125
15.87 0.0390625
16.07 0.078125
16.27 0.117188
16.47 0.15625
16.67 0
16.87 0
17.07 0
17.27 0
17.47 0.0390625
17.67 0
17.87 0
