% start	end	CellId	IMSI	RNTI	LCID	nTxPDUs	TxBytes	nRxPDUs	RxBytes	delay	stdDev	min	max	PduSize	stdDev	min	max
0.25	0.3	1	1	1	4	69	72726	1	1054	0.0249286	0	0.0249286	0.0249286	1054	0	1054	1054	
0.3	0.35	1	1	1	4	113	119102	4	4216	0.0558275	0.0157001	0.0374881	0.0741669	1054	0	1054	1054	
0.35	0.4	1	1	1	4	114	120156	4	4216	0.105066	0.0157001	0.0867264	0.123405	1054	0	1054	1054	
0.4	0.45	1	1	1	4	113	119102	4	4216	0.154054	0.0158302	0.135965	0.172643	1054	0	1054	1054	
0.45	0.5	1	1	1	4	114	120156	4	4216	0.203292	0.0158302	0.185203	0.221882	1054	0	1054	1054	
0.5	0.55	1	1	1	4	113	119102	4	4216	0.252281	0.0162143	0.233441	0.27112	1054	0	1054	1054	
0.55	0.6	1	1	1	4	114	120156	3	3162	0.295239	0.0125596	0.28268	0.307799	1054	0	1054	1054	
0.6	0.65	1	1	1	4	113	119102	4	4216	0.338448	0.0158302	0.320358	0.357037	1054	0	1054	1054	
0.65	0.7	1	1	1	4	114	120156	4	4216	0.387436	0.0162143	0.368597	0.406275	1054	0	1054	1054	
0.7	0.75	1	1	1	4	113	119102	4	4216	0.436424	0.0158302	0.417835	0.454514	1054	0	1054	1054	
0.75	0.8	1	1	1	4	114	120156	4	4216	0.485662	0.0158302	0.467073	0.503752	1054	0	1054	1054	
0.8	0.85	1	1	1	4	113	119102	4	4216	0.534901	0.0158302	0.516311	0.55299	1054	0	1054	1054	
0.85	0.9	1	1	1	4	114	120156	4	4216	0.583889	0.0157001	0.56555	0.602228	1054	0	1054	1054	
0.9	0.95	1	1	1	4	113	119102	4	4216	0.633127	0.0157001	0.614788	0.651467	1054	0	1054	1054	
0.95	1	1	1	1	4	114	120156	4	4216	0.682116	0.0158302	0.664026	0.700705	1054	0	1054	1054	
1	1.05	1	1	1	4	113	119102	4	4216	0.730473	0.0144925	0.713264	0.74642	1054	0	1054	1054	
1.05	1.1	1	1	1	4	114	120156	0	0	0	0	0	0	0	0	0	0	
1.1	1.15	1	1	1	4	114	120156	0	0	0	0	0	0	0	0	0	0	
1.15	1.2	1	1	1	4	113	119102	0	0	0	0	0	0	0	0	0	0	
1.2	1.25	1	1	1	4	114	120156	0	0	0	0	0	0	0	0	0	0	
1.25	1.3	1	1	1	4	113	119102	0	0	0	0	0	0	0	0	0	0	
1.3	1.35	1	1	1	4	114	120156	0	0	0	0	0	0	0	0	0	0	
1.35	1.4	1	1	1	4	113	119102	0	0	0	0	0	0	0	0	0	0	
1.4	1.45	1	1	1	4	114	120156	0	0	0	0	0	0	0	0	0	0	
1.45	1.5	1	1	1	4	113	119102	0	0	0	0	0	0	0	0	0	0	
1.5	1.55	1	1	1	4	114	120156	0	0	0	0	0	0	0	0	0	0	
1.55	1.6	1	1	1	4	113	119102	0	0	0	0	0	0	0	0	0	0	
1.6	1.65	1	1	1	4	114	120156	0	0	0	0	0	0	0	0	0	0	
1.65	1.7	1	1	1	4	113	119102	0	0	0	0	0	0	0	0	0	0	
1.7	1.75	1	1	1	4	114	120156	0	0	0	0	0	0	0	0	0	0	
1.75	1.8	1	1	1	4	113	119102	0	0	0	0	0	0	0	0	0	0	
1.8	1.85	1	1	1	4	114	120156	0	0	0	0	0	0	0	0	0	0	
1.85	1.9	1	1	1	4	113	119102	0	0	0	0	0	0	0	0	0	0	
1.9	1.95	1	1	1	4	114	120156	0	0	0	0	0	0	0	0	0	0	
1.95	2	1	1	1	4	113	119102	0	0	0	0	0	0	0	0	0	0	
2	2.05	1	1	1	4	114	120156	0	0	0	0	0	0	0	0	0	0	
2.05	2.1	1	1	1	4	114	120156	0	0	0	0	0	0	0	0	0	0	
2.1	2.15	1	1	1	4	113	119102	0	0	0	0	0	0	0	0	0	0	
2.15	2.2	1	1	1	4	114	120156	0	0	0	0	0	0	0	0	0	0	
2.2	2.25	1	1	1	4	113	119102	0	0	0	0	0	0	0	0	0	0	
2.25	2.3	1	1	1	4	114	120156	0	0	0	0	0	0	0	0	0	0	
2.3	2.35	1	1	1	4	113	119102	0	0	0	0	0	0	0	0	0	0	
2.35	2.4	1	1	1	4	114	120156	0	0	0	0	0	0	0	0	0	0	
2.4	2.45	1	1	1	4	113	119102	0	0	0	0	0	0	0	0	0	0	
2.45	2.5	1	1	1	4	114	120156	0	0	0	0	0	0	0	0	0	0	
2.5	2.55	1	1	1	4	113	119102	0	0	0	0	0	0	0	0	0	0	
2.55	2.6	1	1	1	4	114	120156	0	0	0	0	0	0	0	0	0	0	
2.6	2.65	1	1	1	4	113	119102	0	0	0	0	0	0	0	0	0	0	
2.65	2.7	1	1	1	4	114	120156	0	0	0	0	0	0	0	0	0	0	
2.7	2.75	1	1	1	4	113	119102	0	0	0	0	0	0	0	0	0	0	
2.75	2.8	1	1	1	4	114	120156	0	0	0	0	0	0	0	0	0	0	
2.8	2.85	1	1	1	4	113	119102	0	0	0	0	0	0	0	0	0	0	
2.85	2.9	1	1	1	4	114	120156	0	0	0	0	0	0	0	0	0	0	
2.9	2.95	1	1	1	4	113	119102	0	0	0	0	0	0	0	0	0	0	
2.95	3	1	1	1	4	114	120156	0	0	0	0	0	0	0	0	0	0	
3	3.05	1	1	1	4	114	120156	0	0	0	0	0	0	0	0	0	0	
3.05	3.1	1	1	1	4	113	119102	0	0	0	0	0	0	0	0	0	0	
3.1	3.15	1	1	1	4	114	120156	0	0	0	0	0	0	0	0	0	0	
3.15	3.2	1	1	1	4	113	119102	0	0	0	0	0	0	0	0	0	0	
3.2	3.25	1	1	1	4	114	120156	0	0	0	0	0	0	0	0	0	0	
3.25	3.3	1	1	1	4	113	119102	0	0	0	0	0	0	0	0	0	0	
3.3	3.35	1	1	1	4	114	120156	0	0	0	0	0	0	0	0	0	0	
3.35	3.4	1	1	1	4	113	119102	0	0	0	0	0	0	0	0	0	0	
3.4	3.45	1	1	1	4	114	120156	0	0	0	0	0	0	0	0	0	0	
3.45	3.5	1	1	1	4	113	119102	0	0	0	0	0	0	0	0	0	0	
3.5	3.55	1	1	1	4	114	120156	0	0	0	0	0	0	0	0	0	0	
3.55	3.6	1	1	1	4	113	119102	0	0	0	0	0	0	0	0	0	0	
3.6	3.65	1	1	1	4	114	120156	0	0	0	0	0	0	0	0	0	0	
3.65	3.7	1	1	1	4	113	119102	0	0	0	0	0	0	0	0	0	0	
3.7	3.75	1	1	1	4	114	120156	0	0	0	0	0	0	0	0	0	0	
3.75	3.8	1	1	1	4	113	119102	0	0	0	0	0	0	0	0	0	0	
3.8	3.85	1	1	1	4	114	120156	0	0	0	0	0	0	0	0	0	0	
3.85	3.9	1	1	1	4	113	119102	0	0	0	0	0	0	0	0	0	0	
3.9	3.95	1	1	1	4	114	120156	0	0	0	0	0	0	0	0	0	0	
3.95	4	1	1	1	4	113	119102	0	0	0	0	0	0	0	0	0	0	
4	4.05	1	1	1	4	114	120156	0	0	0	0	0	0	0	0	0	0	
4.05	4.1	1	1	1	4	114	120156	0	0	0	0	0	0	0	0	0	0	
4.1	4.15	1	1	1	4	113	119102	0	0	0	0	0	0	0	0	0	0	
4.15	4.2	1	1	1	4	114	120156	0	0	0	0	0	0	0	0	0	0	
4.2	4.25	1	1	1	4	113	119102	0	0	0	0	0	0	0	0	0	0	
4.25	4.3	1	1	1	4	114	120156	0	0	0	0	0	0	0	0	0	0	
4.3	4.35	1	1	1	4	113	119102	0	0	0	0	0	0	0	0	0	0	
4.35	4.4	1	1	1	4	114	120156	0	0	0	0	0	0	0	0	0	0	
4.4	4.45	1	1	1	4	113	119102	0	0	0	0	0	0	0	0	0	0	
4.45	4.5	1	1	1	4	114	120156	0	0	0	0	0	0	0	0	0	0	
4.5	4.55	1	1	1	4	113	119102	0	0	0	0	0	0	0	0	0	0	
4.55	4.6	1	1	1	4	114	120156	0	0	0	0	0	0	0	0	0	0	
4.6	4.65	1	1	1	4	113	119102	0	0	0	0	0	0	0	0	0	0	
4.65	4.7	1	1	1	4	114	120156	0	0	0	0	0	0	0	0	0	0	
4.7	4.75	1	1	1	4	113	119102	0	0	0	0	0	0	0	0	0	0	
4.75	4.8	1	1	1	4	114	120156	0	0	0	0	0	0	0	0	0	0	
4.8	4.85	1	1	1	4	113	119102	0	0	0	0	0	0	0	0	0	0	
4.85	4.9	1	1	1	4	114	120156	0	0	0	0	0	0	0	0	0	0	
4.9	4.95	1	1	1	4	113	119102	0	0	0	0	0	0	0	0	0	0	
4.95	5	1	1	1	4	114	120156	0	0	0	0	0	0	0	0	0	0	
5	5.05	1	1	1	4	114	120156	0	0	0	0	0	0	0	0	0	0	
5.05	5.1	1	1	1	4	113	119102	0	0	0	0	0	0	0	0	0	0	
5.1	5.15	1	1	1	4	114	120156	0	0	0	0	0	0	0	0	0	0	
5.15	5.2	1	1	1	4	113	119102	0	0	0	0	0	0	0	0	0	0	
5.2	5.25	1	1	1	4	114	120156	0	0	0	0	0	0	0	0	0	0	
5.25	5.3	1	1	1	4	113	119102	0	0	0	0	0	0	0	0	0	0	
5.3	5.35	1	1	1	4	114	120156	0	0	0	0	0	0	0	0	0	0	
5.35	5.4	1	1	1	4	113	119102	0	0	0	0	0	0	0	0	0	0	
5.4	5.45	1	1	1	4	114	120156	0	0	0	0	0	0	0	0	0	0	
5.45	5.5	1	1	1	4	113	119102	0	0	0	0	0	0	0	0	0	0	
5.5	5.55	1	1	1	4	114	120156	0	0	0	0	0	0	0	0	0	0	
5.55	5.6	1	1	1	4	113	119102	0	0	0	0	0	0	0	0	0	0	
5.6	5.65	1	1	1	4	114	120156	0	0	0	0	0	0	0	0	0	0	
5.65	5.7	1	1	1	4	113	119102	0	0	0	0	0	0	0	0	0	0	
5.7	5.75	1	1	1	4	114	120156	0	0	0	0	0	0	0	0	0	0	
5.75	5.8	1	1	1	4	113	119102	0	0	0	0	0	0	0	0	0	0	
5.8	5.85	1	1	1	4	114	120156	0	0	0	0	0	0	0	0	0	0	
5.85	5.9	1	1	1	4	113	119102	0	0	0	0	0	0	0	0	0	0	
5.9	5.95	1	1	1	4	114	120156	0	0	0	0	0	0	0	0	0	0	
5.95	6	1	1	1	4	114	120156	0	0	0	0	0	0	0	0	0	0	
6	6.05	1	1	1	4	113	119102	0	0	0	0	0	0	0	0	0	0	
6.05	6.1	1	1	1	4	114	120156	0	0	0	0	0	0	0	0	0	0	
6.1	6.15	1	1	1	4	113	119102	0	0	0	0	0	0	0	0	0	0	
6.15	6.2	1	1	1	4	114	120156	0	0	0	0	0	0	0	0	0	0	
6.2	6.25	1	1	1	4	113	119102	0	0	0	0	0	0	0	0	0	0	
6.25	6.3	1	1	1	4	114	120156	0	0	0	0	0	0	0	0	0	0	
6.3	6.35	1	1	1	4	113	119102	0	0	0	0	0	0	0	0	0	0	
6.35	6.4	1	1	1	4	114	120156	0	0	0	0	0	0	0	0	0	0	
6.4	6.45	1	1	1	4	113	119102	0	0	0	0	0	0	0	0	0	0	
6.45	6.5	1	1	1	4	114	120156	0	0	0	0	0	0	0	0	0	0	
6.5	6.55	1	1	1	4	113	119102	0	0	0	0	0	0	0	0	0	0	
6.55	6.6	1	1	1	4	114	120156	0	0	0	0	0	0	0	0	0	0	
6.6	6.65	1	1	1	4	113	119102	0	0	0	0	0	0	0	0	0	0	
6.65	6.7	1	1	1	4	114	120156	0	0	0	0	0	0	0	0	0	0	
6.7	6.75	1	1	1	4	113	119102	0	0	0	0	0	0	0	0	0	0	
6.75	6.8	1	1	1	4	114	120156	0	0	0	0	0	0	0	0	0	0	
6.8	6.85	1	1	1	4	113	119102	0	0	0	0	0	0	0	0	0	0	
6.85	6.9	1	1	1	4	114	120156	0	0	0	0	0	0	0	0	0	0	
6.9	6.95	1	1	1	4	113	119102	0	0	0	0	0	0	0	0	0	0	
6.95	7	1	1	1	4	114	120156	0	0	0	0	0	0	0	0	0	0	
7	7.05	1	1	1	4	114	120156	0	0	0	0	0	0	0	0	0	0	
7.05	7.1	1	1	1	4	113	119102	0	0	0	0	0	0	0	0	0	0	
7.1	7.15	1	1	1	4	114	120156	0	0	0	0	0	0	0	0	0	0	
7.15	7.2	1	1	1	4	113	119102	0	0	0	0	0	0	0	0	0	0	
7.2	7.25	1	1	1	4	114	120156	0	0	0	0	0	0	0	0	0	0	
7.25	7.3	1	1	1	4	113	119102	0	0	0	0	0	0	0	0	0	0	
7.3	7.35	1	1	1	4	114	120156	0	0	0	0	0	0	0	0	0	0	
7.35	7.4	1	1	1	4	113	119102	0	0	0	0	0	0	0	0	0	0	
7.4	7.45	1	1	1	4	114	120156	0	0	0	0	0	0	0	0	0	0	
7.45	7.5	1	1	1	4	113	119102	0	0	0	0	0	0	0	0	0	0	
7.5	7.55	1	1	1	4	114	120156	0	0	0	0	0	0	0	0	0	0	
7.55	7.6	1	1	1	4	113	119102	0	0	0	0	0	0	0	0	0	0	
7.6	7.65	1	1	1	4	114	120156	0	0	0	0	0	0	0	0	0	0	
7.65	7.7	1	1	1	4	113	119102	0	0	0	0	0	0	0	0	0	0	
7.7	7.75	1	1	1	4	114	120156	0	0	0	0	0	0	0	0	0	0	
7.75	7.8	1	1	1	4	113	119102	0	0	0	0	0	0	0	0	0	0	
7.8	7.85	1	1	1	4	114	120156	0	0	0	0	0	0	0	0	0	0	
7.85	7.9	1	1	1	4	113	119102	0	0	0	0	0	0	0	0	0	0	
7.9	7.95	1	1	1	4	114	120156	0	0	0	0	0	0	0	0	0	0	
7.95	8	1	1	1	4	114	120156	0	0	0	0	0	0	0	0	0	0	
8	8.05	1	1	1	4	113	119102	0	0	0	0	0	0	0	0	0	0	
8.05	8.1	1	1	1	4	114	120156	0	0	0	0	0	0	0	0	0	0	
8.1	8.15	1	1	1	4	113	119102	0	0	0	0	0	0	0	0	0	0	
8.15	8.2	1	1	1	4	114	120156	0	0	0	0	0	0	0	0	0	0	
8.2	8.25	1	1	1	4	113	119102	0	0	0	0	0	0	0	0	0	0	
8.25	8.3	1	1	1	4	114	120156	0	0	0	0	0	0	0	0	0	0	
8.3	8.35	1	1	1	4	113	119102	0	0	0	0	0	0	0	0	0	0	
8.35	8.4	1	1	1	4	114	120156	0	0	0	0	0	0	0	0	0	0	
8.4	8.45	1	1	1	4	113	119102	0	0	0	0	0	0	0	0	0	0	
8.45	8.5	1	1	1	4	114	120156	0	0	0	0	0	0	0	0	0	0	
8.5	8.55	1	1	1	4	113	119102	0	0	0	0	0	0	0	0	0	0	
8.55	8.6	1	1	1	4	114	120156	0	0	0	0	0	0	0	0	0	0	
8.6	8.65	1	1	1	4	113	119102	0	0	0	0	0	0	0	0	0	0	
8.65	8.7	1	1	1	4	114	120156	0	0	0	0	0	0	0	0	0	0	
8.7	8.75	1	1	1	4	113	119102	0	0	0	0	0	0	0	0	0	0	
8.75	8.8	1	1	1	4	114	120156	0	0	0	0	0	0	0	0	0	0	
8.8	8.85	1	1	1	4	113	119102	0	0	0	0	0	0	0	0	0	0	
8.85	8.9	1	1	1	4	114	120156	0	0	0	0	0	0	0	0	0	0	
8.9	8.95	1	1	1	4	114	120156	0	0	0	0	0	0	0	0	0	0	
8.95	9	1	1	1	4	113	119102	0	0	0	0	0	0	0	0	0	0	
9	9.05	1	1	1	4	114	120156	0	0	0	0	0	0	0	0	0	0	
9.05	9.1	1	1	1	4	113	119102	0	0	0	0	0	0	0	0	0	0	
9.1	9.15	1	1	1	4	114	120156	0	0	0	0	0	0	0	0	0	0	
9.15	9.2	1	1	1	4	113	119102	0	0	0	0	0	0	0	0	0	0	
9.2	9.25	1	1	1	4	114	120156	0	0	0	0	0	0	0	0	0	0	
9.25	9.3	1	1	1	4	113	119102	0	0	0	0	0	0	0	0	0	0	
9.3	9.35	1	1	1	4	114	120156	0	0	0	0	0	0	0	0	0	0	
9.35	9.4	1	1	1	4	113	119102	0	0	0	0	0	0	0	0	0	0	
9.4	9.45	1	1	1	4	114	120156	0	0	0	0	0	0	0	0	0	0	
9.45	9.5	1	1	1	4	113	119102	0	0	0	0	0	0	0	0	0	0	
9.5	9.55	1	1	1	4	114	120156	0	0	0	0	0	0	0	0	0	0	
9.55	9.6	1	1	1	4	113	119102	0	0	0	0	0	0	0	0	0	0	
9.6	9.65	1	1	1	4	114	120156	0	0	0	0	0	0	0	0	0	0	
9.65	9.7	1	1	1	4	113	119102	0	0	0	0	0	0	0	0	0	0	
9.7	9.75	1	1	1	4	114	120156	0	0	0	0	0	0	0	0	0	0	
9.75	9.8	1	1	1	4	113	119102	0	0	0	0	0	0	0	0	0	0	
9.8	9.85	1	1	1	4	114	120156	0	0	0	0	0	0	0	0	0	0	
9.85	9.9	1	1	1	4	113	119102	0	0	0	0	0	0	0	0	0	0	
9.9	9.95	1	1	1	4	114	120156	0	0	0	0	0	0	0	0	0	0	
9.95	10	1	1	1	4	114	120156	0	0	0	0	0	0	0	0	0	0	
10	10.05	1	1	1	4	113	119102	0	0	0	0	0	0	0	0	0	0	
10.05	10.1	1	1	1	4	114	120156	0	0	0	0	0	0	0	0	0	0	
10.1	10.15	1	1	1	4	113	119102	0	0	0	0	0	0	0	0	0	0	
10.15	10.2	1	1	1	4	114	120156	0	0	0	0	0	0	0	0	0	0	
10.2	10.25	1	1	1	4	113	119102	0	0	0	0	0	0	0	0	0	0	
10.25	10.3	1	1	1	4	114	120156	0	0	0	0	0	0	0	0	0	0	
10.3	10.35	1	1	1	4	113	119102	0	0	0	0	0	0	0	0	0	0	
10.35	10.4	1	1	1	4	114	120156	0	0	0	0	0	0	0	0	0	0	
10.4	10.45	1	1	1	4	113	119102	0	0	0	0	0	0	0	0	0	0	
10.45	10.5	1	1	1	4	114	120156	0	0	0	0	0	0	0	0	0	0	
10.5	10.55	1	1	1	4	113	119102	0	0	0	0	0	0	0	0	0	0	
10.55	10.6	1	1	1	4	114	120156	0	0	0	0	0	0	0	0	0	0	
10.6	10.65	1	1	1	4	113	119102	0	0	0	0	0	0	0	0	0	0	
10.65	10.7	1	1	1	4	114	120156	0	0	0	0	0	0	0	0	0	0	
10.7	10.75	1	1	1	4	113	119102	0	0	0	0	0	0	0	0	0	0	
10.75	10.8	1	1	1	4	114	120156	0	0	0	0	0	0	0	0	0	0	
10.8	10.85	1	1	1	4	113	119102	0	0	0	0	0	0	0	0	0	0	
10.85	10.9	1	1	1	4	114	120156	0	0	0	0	0	0	0	0	0	0	
10.9	10.95	1	1	1	4	114	120156	0	0	0	0	0	0	0	0	0	0	
10.95	11	1	1	1	4	113	119102	0	0	0	0	0	0	0	0	0	0	
11	11.05	1	1	1	4	114	120156	0	0	0	0	0	0	0	0	0	0	
11.05	11.1	1	1	1	4	113	119102	0	0	0	0	0	0	0	0	0	0	
11.1	11.15	1	1	1	4	114	120156	0	0	0	0	0	0	0	0	0	0	
11.15	11.2	1	1	1	4	113	119102	0	0	0	0	0	0	0	0	0	0	
11.2	11.25	1	1	1	4	114	120156	0	0	0	0	0	0	0	0	0	0	
11.25	11.3	1	1	1	4	113	119102	0	0	0	0	0	0	0	0	0	0	
11.3	11.35	1	1	1	4	114	120156	0	0	0	0	0	0	0	0	0	0	
11.35	11.4	1	1	1	4	113	119102	0	0	0	0	0	0	0	0	0	0	
11.4	11.45	1	1	1	4	114	120156	0	0	0	0	0	0	0	0	0	0	
11.45	11.5	1	1	1	4	113	119102	0	0	0	0	0	0	0	0	0	0	
11.5	11.55	1	1	1	4	114	120156	0	0	0	0	0	0	0	0	0	0	
11.55	11.6	1	1	1	4	113	119102	0	0	0	0	0	0	0	0	0	0	
11.6	11.65	1	1	1	4	114	120156	0	0	0	0	0	0	0	0	0	0	
11.65	11.7	1	1	1	4	113	119102	0	0	0	0	0	0	0	0	0	0	
11.7	11.75	1	1	1	4	114	120156	0	0	0	0	0	0	0	0	0	0	
11.75	11.8	1	1	1	4	113	119102	0	0	0	0	0	0	0	0	0	0	
11.8	11.85	1	1	1	4	114	120156	0	0	0	0	0	0	0	0	0	0	
11.85	11.9	1	1	1	4	114	120156	0	0	0	0	0	0	0	0	0	0	
11.9	11.95	1	1	1	4	113	119102	0	0	0	0	0	0	0	0	0	0	
11.95	12	1	1	1	4	114	120156	0	0	0	0	0	0	0	0	0	0	
12	12.05	1	1	1	4	113	119102	0	0	0	0	0	0	0	0	0	0	
12.05	12.1	1	1	1	4	114	120156	0	0	0	0	0	0	0	0	0	0	
12.1	12.15	1	1	1	4	113	119102	0	0	0	0	0	0	0	0	0	0	
12.15	12.2	1	1	1	4	114	120156	0	0	0	0	0	0	0	0	0	0	
12.2	12.25	1	1	1	4	113	119102	0	0	0	0	0	0	0	0	0	0	
12.25	12.3	1	1	1	4	114	120156	0	0	0	0	0	0	0	0	0	0	
12.3	12.35	1	1	1	4	113	119102	0	0	0	0	0	0	0	0	0	0	
12.35	12.4	1	1	1	4	114	120156	0	0	0	0	0	0	0	0	0	0	
12.4	12.45	1	1	1	4	113	119102	0	0	0	0	0	0	0	0	0	0	
12.45	12.5	1	1	1	4	114	120156	0	0	0	0	0	0	0	0	0	0	
12.5	12.55	1	1	1	4	113	119102	0	0	0	0	0	0	0	0	0	0	
12.55	12.6	1	1	1	4	114	120156	0	0	0	0	0	0	0	0	0	0	
12.6	12.65	1	1	1	4	113	119102	0	0	0	0	0	0	0	0	0	0	
12.65	12.7	1	1	1	4	114	120156	0	0	0	0	0	0	0	0	0	0	
12.7	12.75	1	1	1	4	113	119102	0	0	0	0	0	0	0	0	0	0	
12.75	12.8	1	1	1	4	114	120156	0	0	0	0	0	0	0	0	0	0	
12.8	12.85	1	1	1	4	113	119102	0	0	0	0	0	0	0	0	0	0	
12.85	12.9	1	1	1	4	114	120156	0	0	0	0	0	0	0	0	0	0	
12.9	12.95	1	1	1	4	114	120156	0	0	0	0	0	0	0	0	0	0	
12.95	13	1	1	1	4	113	119102	0	0	0	0	0	0	0	0	0	0	
13	13.05	1	1	1	4	114	120156	0	0	0	0	0	0	0	0	0	0	
13.05	13.1	1	1	1	4	113	119102	0	0	0	0	0	0	0	0	0	0	
13.1	13.15	1	1	1	4	114	120156	0	0	0	0	0	0	0	0	0	0	
13.15	13.2	1	1	1	4	113	119102	0	0	0	0	0	0	0	0	0	0	
13.2	13.25	1	1	1	4	114	120156	0	0	0	0	0	0	0	0	0	0	
13.25	13.3	1	1	1	4	113	119102	0	0	0	0	0	0	0	0	0	0	
13.3	13.35	1	1	1	4	114	120156	0	0	0	0	0	0	0	0	0	0	
13.35	13.4	1	1	1	4	113	119102	0	0	0	0	0	0	0	0	0	0	
13.4	13.45	1	1	1	4	114	120156	0	0	0	0	0	0	0	0	0	0	
13.45	13.5	1	1	1	4	113	119102	0	0	0	0	0	0	0	0	0	0	
13.5	13.55	1	1	1	4	114	120156	0	0	0	0	0	0	0	0	0	0	
13.55	13.6	1	1	1	4	113	119102	0	0	0	0	0	0	0	0	0	0	
13.6	13.65	1	1	1	4	114	120156	0	0	0	0	0	0	0	0	0	0	
13.65	13.7	1	1	1	4	113	119102	0	0	0	0	0	0	0	0	0	0	
13.7	13.75	1	1	1	4	114	120156	0	0	0	0	0	0	0	0	0	0	
13.75	13.8	1	1	1	4	113	119102	0	0	0	0	0	0	0	0	0	0	
13.8	13.85	1	1	1	4	114	120156	0	0	0	0	0	0	0	0	0	0	
13.85	13.9	1	1	1	4	114	120156	0	0	0	0	0	0	0	0	0	0	
13.9	13.95	1	1	1	4	113	119102	0	0	0	0	0	0	0	0	0	0	
13.95	14	1	1	1	4	114	120156	0	0	0	0	0	0	0	0	0	0	
14	14.05	1	1	1	4	113	119102	0	0	0	0	0	0	0	0	0	0	
14.05	14.1	1	1	1	4	114	120156	0	0	0	0	0	0	0	0	0	0	
14.1	14.15	1	1	1	4	113	119102	0	0	0	0	0	0	0	0	0	0	
14.15	14.2	1	1	1	4	114	120156	0	0	0	0	0	0	0	0	0	0	
14.2	14.25	1	1	1	4	113	119102	0	0	0	0	0	0	0	0	0	0	
14.25	14.3	1	1	1	4	114	120156	0	0	0	0	0	0	0	0	0	0	
14.3	14.35	1	1	1	4	113	119102	0	0	0	0	0	0	0	0	0	0	
14.35	14.4	1	1	1	4	114	120156	0	0	0	0	0	0	0	0	0	0	
14.4	14.45	1	1	1	4	113	119102	0	0	0	0	0	0	0	0	0	0	
14.45	14.5	1	1	1	4	114	120156	0	0	0	0	0	0	0	0	0	0	
14.5	14.55	1	1	1	4	113	119102	0	0	0	0	0	0	0	0	0	0	
14.55	14.6	1	1	1	4	114	120156	0	0	0	0	0	0	0	0	0	0	
14.6	14.65	1	1	1	4	113	119102	0	0	0	0	0	0	0	0	0	0	
14.65	14.7	1	1	1	4	114	120156	0	0	0	0	0	0	0	0	0	0	
14.7	14.75	1	1	1	4	113	119102	0	0	0	0	0	0	0	0	0	0	
14.75	14.8	1	1	1	4	114	120156	0	0	0	0	0	0	0	0	0	0	
14.8	14.85	1	1	1	4	114	120156	0	0	0	0	0	0	0	0	0	0	
14.85	14.9	1	1	1	4	113	119102	0	0	0	0	0	0	0	0	0	0	
14.9	14.95	1	1	1	4	114	120156	0	0	0	0	0	0	0	0	0	0	
14.95	15	1	1	1	4	113	119102	0	0	0	0	0	0	0	0	0	0	
15	15.05	1	1	1	4	114	120156	0	0	0	0	0	0	0	0	0	0	
15.05	15.1	1	1	1	4	113	119102	0	0	0	0	0	0	0	0	0	0	
15.1	15.15	1	1	1	4	114	120156	0	0	0	0	0	0	0	0	0	0	
15.15	15.2	1	1	1	4	113	119102	0	0	0	0	0	0	0	0	0	0	
15.2	15.25	1	1	1	4	114	120156	0	0	0	0	0	0	0	0	0	0	
15.25	15.3	1	1	1	4	113	119102	0	0	0	0	0	0	0	0	0	0	
15.3	15.35	1	1	1	4	114	120156	0	0	0	0	0	0	0	0	0	0	
15.35	15.4	1	1	1	4	113	119102	0	0	0	0	0	0	0	0	0	0	
15.4	15.45	1	1	1	4	114	120156	0	0	0	0	0	0	0	0	0	0	
15.45	15.5	1	1	1	4	113	119102	0	0	0	0	0	0	0	0	0	0	
15.5	15.55	1	1	1	4	114	120156	0	0	0	0	0	0	0	0	0	0	
15.55	15.6	1	1	1	4	113	119102	0	0	0	0	0	0	0	0	0	0	
15.6	15.65	1	1	1	4	114	120156	0	0	0	0	0	0	0	0	0	0	
15.65	15.7	1	1	1	4	113	119102	0	0	0	0	0	0	0	0	0	0	
15.7	15.75	1	1	1	4	114	120156	0	0	0	0	0	0	0	0	0	0	
15.75	15.8	1	1	1	4	113	119102	0	0	0	0	0	0	0	0	0	0	
15.8	15.85	1	1	1	4	114	120156	0	0	0	0	0	0	0	0	0	0	
15.85	15.9	1	1	1	4	114	120156	0	0	0	0	0	0	0	0	0	0	
15.9	15.95	1	1	1	4	113	119102	0	0	0	0	0	0	0	0	0	0	
15.95	16	1	1	1	4	114	120156	0	0	0	0	0	0	0	0	0	0	
16	16.05	1	1	1	4	113	119102	0	0	0	0	0	0	0	0	0	0	
16.05	16.1	1	1	1	4	114	120156	0	0	0	0	0	0	0	0	0	0	
16.1	16.15	1	1	1	4	113	119102	0	0	0	0	0	0	0	0	0	0	
16.15	16.2	1	1	1	4	114	120156	0	0	0	0	0	0	0	0	0	0	
16.2	16.25	1	1	1	4	113	119102	0	0	0	0	0	0	0	0	0	0	
16.25	16.3	1	1	1	4	114	120156	0	0	0	0	0	0	0	0	0	0	
16.3	16.35	1	1	1	4	113	119102	0	0	0	0	0	0	0	0	0	0	
16.35	16.4	1	1	1	4	114	120156	0	0	0	0	0	0	0	0	0	0	
16.4	16.45	1	1	1	4	113	119102	0	0	0	0	0	0	0	0	0	0	
16.45	16.5	1	1	1	4	1	1054	0	0	0	0	0	0	0	0	0	0	
16.65	16.7	1	1	2	4	90	94860	0	0	0	0	0	0	0	0	0	0	
16.7	16.75	1	1	2	4	113	119102	0	0	0	0	0	0	0	0	0	0	
16.75	16.8	1	1	2	4	114	120156	0	0	0	0	0	0	0	0	0	0	
16.8	16.85	1	1	2	4	114	120156	0	0	0	0	0	0	0	0	0	0	
16.85	16.9	1	1	2	4	113	119102	0	0	0	0	0	0	0	0	0	0	
16.9	16.95	1	1	2	4	114	120156	0	0	0	0	0	0	0	0	0	0	
16.95	17	1	1	2	4	113	119102	0	0	0	0	0	0	0	0	0	0	
17	17.05	1	1	2	4	114	120156	0	0	0	0	0	0	0	0	0	0	
17.05	17.1	1	1	2	4	113	119102	0	0	0	0	0	0	0	0	0	0	
17.1	17.15	1	1	2	4	114	120156	0	0	0	0	0	0	0	0	0	0	
17.15	17.2	1	1	2	4	113	119102	0	0	0	0	0	0	0	0	0	0	
17.2	17.25	1	1	2	4	114	120156	0	0	0	0	0	0	0	0	0	0	
17.25	17.3	1	1	2	4	113	119102	0	0	0	0	0	0	0	0	0	0	
17.3	17.35	1	1	2	4	114	120156	0	0	0	0	0	0	0	0	0	0	
17.35	17.4	1	1	2	4	113	119102	0	0	0	0	0	0	0	0	0	0	
17.4	17.45	1	1	2	4	114	120156	0	0	0	0	0	0	0	0	0	0	
17.45	17.5	1	1	2	4	113	119102	0	0	0	0	0	0	0	0	0	0	
17.5	17.55	1	1	2	4	114	120156	0	0	0	0	0	0	0	0	0	0	
17.55	17.6	1	1	2	4	113	119102	0	0	0	0	0	0	0	0	0	0	
17.6	17.65	1	1	2	4	114	120156	0	0	0	0	0	0	0	0	0	0	
17.65	17.7	1	1	2	4	113	119102	0	0	0	0	0	0	0	0	0	0	
17.7	17.75	1	1	2	4	114	120156	0	0	0	0	0	0	0	0	0	0	
17.75	17.8	1	1	2	4	114	120156	0	0	0	0	0	0	0	0	0	0	
17.8	17.85	1	1	2	4	113	119102	0	0	0	0	0	0	0	0	0	0	
17.85	17.9	1	1	2	4	23	24242	0	0	0	0	0	0	0	0	0	0	
